# Date: 2008/01/08
# Artiste 2 (M5166) kernel input data
0.0000	0.0000	10.0000	20.0000	30.0000	40.0000	50.0000	60.0000	80.0000	100.00	150.00	200.00	300.00	400.00
0.0000	0.5828	0.5092	0.4676	0.4661	0.4681	0.4730	0.4923	0.5071	0.5228	0.5606	0.5962	0.6493	0.6706
2.0000	0.7169	0.6303	0.5803	0.5287	0.6011	0.5543	0.5641	0.5801	0.5951	0.6341	0.6683	0.7192	0.7381
4.0000	1.0200	0.8935	0.8215	0.8290	0.8184	0.7751	0.7570	0.7648	0.7789	0.8025	0.8272	0.8605	0.8683
6.0000	1.1760	1.0419	0.9646	0.9384	0.9413	0.9347	0.9023	0.9059	0.9106	0.9249	0.9403	0.9560	0.9572
8.0000	1.2422	1.1179	1.0469	1.0275	1.0133	1.0076	0.9906	0.9902	0.9908	0.9955	1.0033	1.0088	1.0060
10.0000	1.2387	1.1503	1.0992	1.0668	1.0555	1.0519	1.0413	1.0365	1.0358	1.0350	1.0370	1.0364	1.0310
12.0000	1.2448	1.1680	1.1246	1.1014	1.0899	1.0809	1.0718	1.0665	1.0633	1.0571	1.0556	1.0515	1.0462
14.0000	1.2291	1.1712	1.1381	1.1184	1.1022	1.0988	1.0884	1.0807	1.0766	1.0689	1.0651	1.0572	1.0525
16.0000	1.2169	1.1687	1.1411	1.1222	1.1105	1.1028	1.0971	1.0886	1.0822	1.0720	1.0673	1.0604	1.0543
18.0000	1.1934	1.1617	1.1431	1.1236	1.1119	1.1037	1.0985	1.0881	1.0824	1.0720	1.0678	1.0586	1.0552
20.0000	1.1777	1.1516	1.1371	1.1198	1.1073	1.1010	1.0963	1.0879	1.0823	1.0708	1.0652	1.0571	1.0537
22.0000	1.1725	1.1439	1.1276	1.1137	1.1045	1.0970	1.0929	1.0835	1.0781	1.0678	1.0618	1.0547	1.0503
24.0000	1.1507	1.1313	1.1201	1.1071	1.0977	1.0921	1.0875	1.0797	1.0744	1.0638	1.0579	1.0514	1.0467
26.0000	1.1411	1.1224	1.1117	1.0995	1.0908	1.0858	1.0810	1.0738	1.0681	1.0587	1.0558	1.0483	1.0446
28.0000	1.1289	1.1122	1.1027	1.0924	1.0825	1.0800	1.0748	1.0692	1.0627	1.0555	1.0507	1.0446	1.0415
30.0000	1.1150	1.1021	1.0947	1.0848	1.0775	1.0729	1.0684	1.0628	1.0585	1.0498	1.0467	1.0408	1.0390
40.0000	1.0531	1.0495	1.0479	1.0431	1.0371	1.0367	1.0347	1.0330	1.0298	1.0257	1.0249	1.0217	1.0206
50.0000	1.0000	1.0000	1.0000	1.0000	1.0000	1.0000	1.0000	1.0000	1.0000	1.0000	1.0000	1.0000	1.0000
60.0000	0.9425	0.9499	0.9541	0.9578	0.9583	0.9616	0.9648	0.9669	0.9702	0.9731	0.9761	0.9787	0.9798
70.0000	0.8946	0.9062	0.9133	0.9152	0.9193	0.9245	0.9284	0.9337	0.9386	0.9455	0.9505	0.9557	0.9585
80.0000	0.8476	0.8624	0.8709	0.8749	0.8780	0.8865	0.8924	0.9009	0.9064	0.9178	0.9259	0.9338	0.9371
90.0000	0.8075	0.8218	0.8300	0.8356	0.8414	0.8494	0.8575	0.8678	0.8761	0.8895	0.8993	0.9119	0.9154
100.000	0.7692	0.7838	0.7921	0.7991	0.8051	0.8136	0.8240	0.8364	0.8452	0.8622	0.8739	0.8876	0.8926
110.000	0.7282	0.7451	0.7547	0.7622	0.7698	0.7801	0.7904	0.8042	0.8151	0.8345	0.8482	0.8623	0.8712
120.000	0.6951	0.7115	0.7208	0.7286	0.7368	0.7465	0.7583	0.7739	0.7852	0.8060	0.8225	0.8405	0.8482
130.000	0.6603	0.6772	0.6874	0.6949	0.7029	0.7143	0.7268	0.7432	0.7559	0.7798	0.7965	0.8174	0.8267
140.000	0.6298	0.6474	0.6570	0.6646	0.6735	0.6835	0.6975	0.7152	0.7283	0.7531	0.7729	0.7949	0.8044
150.000	0.6019	0.6183	0.6276	0.6367	0.6433	0.6540	0.6693	0.6866	0.7005	0.7281	0.7485	0.7719	0.7837
160.000	0.5706	0.5891	0.5997	0.6073	0.6162	0.6263	0.6424	0.6596	0.6747	0.7023	0.7243	0.7492	0.7608
170.000	0.5462	0.5637	0.5743	0.5798	0.5892	0.5990	0.6161	0.6330	0.6493	0.6781	0.7005	0.7273	0.7398
180.000	0.5235	0.5390	0.5474	0.5557	0.5635	0.5735	0.5899	0.6083	0.6240	0.6547	0.6772	0.7050	0.7172
190.000	0.4939	0.5124	0.5234	0.5337	0.5401	0.5485	0.5652	0.5837	0.6002	0.6311	0.6560	0.6839	0.6970
200.000	0.4678	0.4841	0.5023	0.5102	0.5172	0.5264	0.5427	0.5613	0.5761	0.6093	0.6329	0.6623	0.6775
210.000	0.4450	0.4614	0.4797	0.4878	0.4950	0.5042	0.5207	0.5387	0.5545	0.5882	0.6113	0.6420	0.6565
220.000	0.4233	0.4397	0.4581	0.4663	0.4737	0.4830	0.4990	0.5169	0.5338	0.5661	0.5904	0.6216	0.6370
230.000	0.4027	0.4191	0.4375	0.4458	0.4533	0.4627	0.4789	0.4962	0.5122	0.5462	0.5702	0.6023	0.6170
240.000	0.3830	0.3995	0.4179	0.4262	0.4338	0.4432	0.4585	0.4769	0.4929	0.5254	0.5518	0.5830	0.5990
250.000	0.3643	0.3808	0.3991	0.4074	0.4151	0.4245	0.4412	0.4583	0.4737	0.5065	0.5322	0.5641	0.5797
260.000	0.3466	0.3629	0.3811	0.3895	0.3972	0.4067	0.4236	0.4403	0.4557	0.4881	0.5130	0.5453	0.5618
270.000	0.3297	0.3459	0.3640	0.3724	0.3801	0.3896	0.4064	0.4231	0.4379	0.4699	0.4958	0.5288	0.5444
280.000	0.3136	0.3297	0.3476	0.3560	0.3638	0.3732	0.3890	0.4063	0.4218	0.4528	0.4778	0.5115	0.5275
290.000	0.2983	0.3143	0.3320	0.3403	0.3481	0.3575	0.3741	0.3903	0.4046	0.4370	0.4619	0.4944	0.5099
300.000	0.2838	0.2995	0.3171	0.3253	0.3331	0.3424	0.3592	0.3747	0.3898	0.4210	0.4459	0.4780	0.4944
