# Date: 2019/01/15
# Synergy Agility kernel input data
0 	10.0000	20.0000	30.0000	40.0000	50.0000	60.0000	80.0000	100.00	150.00	200.00	300.00	400.00
0	0.54609	0.53501	0.53996	0.54948	0.53752	0.55171	0.5446	0.54846	0.60699	0.64709	0.71064	0.73757
1	0.70388	0.63981	0.64076	0.64287	0.643	0.63857	0.64867	0.65354	0.69795	0.7336	0.78515	0.81224
2	0.9045	0.81792	0.81717	0.81875	0.81564	0.80649	0.80666	0.8128	0.83171	0.86169	0.90219	0.91149
3	1.06243	0.96291	0.94622	0.9417	0.92913	0.92279	0.91688	0.91758	0.93762	0.9551	0.97996	0.99058
4	1.17341	1.06356	1.05083	1.04487	1.03044	1.02025	1.00315	1.00774	1.0083	1.02738	1.04031	1.04206
5	1.26065	1.15345	1.12663	1.11691	1.10022	1.08825	1.07123	1.06881	1.06936	1.07218	1.07944	1.08286
6	1.32133	1.21701	1.18757	1.18346	1.16392	1.1503	1.12102	1.12186	1.11019	1.11	1.11116	1.10829
7	1.3722	1.2676	1.24094	1.22167	1.2038	1.19067	1.16691	1.15731	1.14534	1.13912	1.13359	1.13371
8	1.40141	1.30725	1.27812	1.26322	1.24183	1.22432	1.19559	1.18611	1.17092	1.16376	1.15267	1.14619
9	1.42835	1.34086	1.30401	1.29124	1.26906	1.2497	1.2209	1.21156	1.18875	1.17969	1.16388	1.15913
10	1.44211	1.36577	1.33244	1.31453	1.29145	1.27155	1.23917	1.22955	1.20891	1.19164	1.17557	1.16855
11	1.4592	1.37938	1.34731	1.33342	1.30628	1.29044	1.25323	1.24264	1.21796	1.20134	1.17844	1.1742
12	1.46266	1.39435	1.35991	1.3479	1.31647	1.29988	1.26645	1.25436	1.22545	1.20931	1.18225	1.17726
13	1.46926	1.40184	1.37509	1.35514	1.32777	1.30815	1.27432	1.26336	1.22752	1.21122	1.18488	1.18008
14	1.4691	1.40898	1.37897	1.36332	1.33563	1.31375	1.28032	1.26827	1.2332	1.21553	1.19012	1.18016
15	1.46762	1.41579	1.38371	1.36532	1.33503	1.31907	1.28332	1.2699	1.23579	1.21553	1.19084	1.18173
16	1.46448	1.41681	1.3864	1.36867	1.33926	1.32113	1.2836	1.26881	1.23553	1.21404	1.18941	1.18079
17	1.46314	1.41409	1.38543	1.36867	1.34148	1.32349	1.28444	1.27181	1.23811	1.21603	1.19084	1.18173
18	1.45871	1.41817	1.38414	1.36741	1.33987	1.32113	1.28444	1.27117	1.23605	1.21653	1.18798	1.18056
19	1.46105	1.4117	1.38285	1.36458	1.33866	1.31838	1.28388	1.27045	1.23424	1.21055	1.18869	1.1815
20	1.45324	1.40728	1.38198	1.36301	1.33926	1.31671	1.28107	1.26936	1.2332	1.21055	1.18416	1.17867
21	1.44745	1.40728	1.37865	1.36175	1.33654	1.31228	1.27854	1.26936	1.23114	1.20881	1.18559	1.17844
22	1.43851	1.40048	1.37509	1.35986	1.3323	1.31326	1.27488	1.26472	1.22726	1.20433	1.18511	1.17514
23	1.43087	1.39775	1.36949	1.3523	1.32656	1.30933	1.27207	1.26254	1.227	1.20582	1.18416	1.17373
24	1.43159	1.38823	1.37121	1.3479	1.32413	1.3046	1.27207	1.26009	1.22648	1.20358	1.17748	1.17043
25	1.42137	1.38517	1.36152	1.34569	1.32413	1.30342	1.26645	1.25463	1.21976	1.2011	1.17199	1.1709
26	1.41727	1.38789	1.35571	1.34129	1.31889	1.29664	1.2642	1.25409	1.2177	1.19861	1.17271	1.1709
27	1.40742	1.38006	1.35247	1.34003	1.31385	1.29575	1.25858	1.253	1.21666	1.19761	1.1708	1.16902
28	1.39817	1.37053	1.34666	1.33342	1.3081	1.29162	1.25633	1.24537	1.21356	1.19089	1.1708	1.16447
29	1.39022	1.36781	1.34537	1.32838	1.30961	1.28719	1.25633	1.244	1.21201	1.19114	1.16985	1.16102
30	1.39012	1.36005	1.3402	1.32712	1.30114	1.28217	1.25267	1.24155	1.21253	1.19064	1.1677	1.16102
31	1.3862	1.35427	1.33503	1.32397	1.29811	1.28217	1.24705	1.23855	1.20839	1.1879	1.16293	1.16102
32	1.37678	1.35325	1.32857	1.31957	1.29267	1.27745	1.24677	1.23773	1.20391	1.18467	1.16317	1.15819
33	1.37284	1.34114	1.32469	1.31107	1.29145	1.27273	1.24199	1.23555	1.20219	1.18467	1.16126	1.15348
34	1.36455	1.34093	1.31823	1.30666	1.28571	1.27273	1.24058	1.22846	1.19754	1.18019	1.15744	1.15325
35	1.3557	1.33079	1.31112	1.30194	1.27996	1.26564	1.23552	1.22683	1.19599	1.1767	1.15458	1.15019
36	1.35277	1.32664	1.30821	1.29785	1.27663	1.26299	1.23271	1.22246	1.19444	1.17305	1.15172	1.14878
37	1.34899	1.32181	1.30433	1.29313	1.27572	1.25856	1.22933	1.2181	1.19056	1.17297	1.15219	1.14995
38	1.33837	1.31562	1.30013	1.29061	1.27088	1.25266	1.22483	1.21483	1.18953	1.17198	1.14695	1.14619
39	1.33424	1.30874	1.29303	1.28305	1.26483	1.24705	1.22315	1.21347	1.18255	1.16899	1.14719	1.14407
40	1.32737	1.30648	1.28695	1.28179	1.25938	1.24498	1.21921	1.20883	1.18333	1.16501	1.14742	1.14218
41	1.32367	1.29684	1.28359	1.27676	1.25878	1.24233	1.21584	1.20747	1.17919	1.16551	1.14313	1.13936
42	1.312	1.29466	1.27519	1.27298	1.25393	1.23731	1.21049	1.20229	1.17635	1.15879	1.14265	1.13842
43	1.31103	1.28955	1.27248	1.26417	1.24788	1.23613	1.20684	1.19847	1.17497	1.15779	1.13884	1.13559
44	1.30459	1.28563	1.26485	1.26045	1.24425	1.23259	1.2029	1.19684	1.17118	1.1548	1.13836	1.13089
45	1.29638	1.28098	1.2653	1.25741	1.24183	1.22786	1.20037	1.19575	1.16653	1.15381	1.13359	1.13089
46	1.29123	1.27009	1.25921	1.25374	1.23517	1.22373	1.19812	1.19111	1.16291	1.15281	1.13216	1.12994
47	1.28407	1.26621	1.25247	1.24853	1.22942	1.22078	1.19447	1.1892	1.15981	1.14833	1.13168	1.12476
48	1.27803	1.25975	1.24719	1.24117	1.22821	1.21429	1.18828	1.1843	1.15981	1.14584	1.12595	1.12335
49	1.27063	1.25437	1.24467	1.23764	1.21944	1.21015	1.18462	1.18321	1.15568	1.14087	1.12214	1.12241
50	1.26644	1.24777	1.24043	1.23476	1.21883	1.20838	1.18181	1.17775	1.15051	1.13987	1.12214	1.12053
51	1.25821	1.24512	1.23315	1.23149	1.2149	1.20189	1.17506	1.17448	1.14999	1.13639	1.12023	1.11723
52	1.25558	1.23879	1.22948	1.2258	1.21141	1.20071	1.17506	1.17121	1.14534	1.13464	1.11689	1.11394
53	1.24887	1.23552	1.2216	1.21825	1.20514	1.19362	1.17197	1.16903	1.14224	1.13415	1.11355	1.11347
54	1.24303	1.23171	1.21833	1.21491	1.20213	1.19185	1.16888	1.16467	1.1412	1.12967	1.11212	1.11017
55	1.24091	1.22246	1.21393	1.21009	1.19864	1.18772	1.16522	1.16031	1.13733	1.12668	1.10973	1.10687
56	1.22824	1.21892	1.20547	1.2048	1.19372	1.183	1.16241	1.15812	1.13448	1.12419	1.10878	1.1064
57	1.22497	1.20787	1.20501	1.20192	1.18948	1.17875	1.15932	1.15213	1.13164	1.12071	1.10568	1.10593
58	1.22138	1.20442	1.19791	1.19422	1.18226	1.17344	1.15369	1.1494	1.12751	1.11648	1.10377	1.10169
59	1.21424	1.20211	1.19325	1.19195	1.18036	1.17131	1.1506	1.14722	1.12492	1.11598	1.10043	1.09887
60	1.20761	1.19385	1.18957	1.1883	1.17702	1.1647	1.14835	1.13959	1.12208	1.11349	1.09804	1.09887
61	1.20327	1.19147	1.18136	1.18285	1.16967	1.1595	1.14442	1.1374	1.12079	1.11175	1.09781	1.09416
62	1.1968	1.18401	1.17716	1.17502	1.16661	1.15543	1.1402	1.1374	1.11769	1.10926	1.0959	1.0904
63	1.1924	1.17847	1.17141	1.17275	1.16328	1.14982	1.13654	1.12977	1.11329	1.10727	1.09208	1.08757
64	1.18647	1.17292	1.16747	1.16942	1.15876	1.14894	1.13204	1.12759	1.11123	1.10378	1.08874	1.08757
65	1.17961	1.16949	1.16314	1.16323	1.15166	1.14604	1.12895	1.12704	1.10761	1.10005	1.08683	1.08569
66	1.17743	1.16298	1.1601	1.15991	1.14906	1.14026	1.12498	1.12432	1.10192	1.09607	1.08635	1.08475
67	1.16874	1.15481	1.15616	1.15622	1.14113	1.13506	1.11911	1.11625	1.10089	1.09358	1.08015	1.08051
68	1.16295	1.15264	1.15022	1.15026	1.13602	1.13111	1.11506	1.11668	1.10089	1.09009	1.07872	1.07815
69	1.16206	1.14794	1.14205	1.14285	1.13483	1.13089	1.11371	1.11014	1.09572	1.08761	1.07824	1.07368
70	1.15393	1.14257	1.13645	1.14182	1.13138	1.12808	1.11169	1.10714	1.08952	1.08611	1.07586	1.07392
71	1.14975	1.13869	1.13178	1.13573	1.128	1.11917	1.10488	1.10551	1.09004	1.08014	1.07061	1.06968
72	1.14653	1.13113	1.12965	1.13152	1.11829	1.11442	1.09965	1.10251	1.08538	1.07914	1.07109	1.07133
73	1.13623	1.12753	1.12247	1.12906	1.11716	1.11187	1.09701	1.09787	1.08177	1.07765	1.0687	1.06591
74	1.13333	1.12215	1.11991	1.12314	1.1116	1.10455	1.09225	1.09378	1.08022	1.07417	1.06441	1.06262
75	1.12389	1.12024	1.11468	1.11811	1.1093	1.10354	1.09088	1.088	1.07649	1.07068	1.06393	1.06045
76	1.12236	1.11603	1.10968	1.11383	1.10203	1.09764	1.0861	1.08424	1.07634	1.06919	1.06155	1.06073
77	1.112	1.10983	1.10651	1.10992	1.09937	1.09439	1.08231	1.08441	1.07014	1.0672	1.05773	1.05744
78	1.10996	1.10564	1.09981	1.10671	1.09392	1.08808	1.07956	1.07792	1.06833	1.06471	1.05677	1.05461
79	1.10508	1.10085	1.096	1.10067	1.08969	1.08371	1.07476	1.07961	1.06574	1.05948	1.0532	1.05179
80	1.09762	1.09616	1.09206	1.0932	1.08521	1.08465	1.07103	1.07328	1.06213	1.05699	1.04986	1.04849
81	1.09438	1.09153	1.08741	1.08898	1.08109	1.07719	1.06917	1.06947	1.05696	1.05401	1.04699	1.04637
82	1.09003	1.08329	1.07901	1.08445	1.07496	1.07391	1.06231	1.06614	1.05489	1.05127	1.04556	1.04426
83	1.0852	1.07767	1.07688	1.07958	1.07028	1.06665	1.05657	1.06056	1.05127	1.04729	1.04389	1.04355
84	1.07941	1.07483	1.07229	1.07454	1.06992	1.06568	1.05498	1.06009	1.04817	1.04629	1.04103	1.04025
85	1.07538	1.06948	1.06735	1.07158	1.06548	1.06169	1.05089	1.05429	1.0461	1.04729	1.03912	1.03766
86	1.07037	1.06621	1.05962	1.06547	1.05941	1.05702	1.04525	1.04995	1.04559	1.03833	1.03626	1.03296
87	1.06565	1.06009	1.0549	1.06111	1.05422	1.0523	1.04349	1.04907	1.04042	1.03654	1.03244	1.03202
88	1.06025	1.05539	1.05221	1.0571	1.05241	1.04675	1.03554	1.04438	1.03602	1.0341	1.02767	1.03296
89	1.0529	1.04868	1.04941	1.05167	1.04878	1.04475	1.03706	1.03833	1.03297	1.03235	1.02529	1.0306
90	1.05365	1.04534	1.04541	1.04804	1.04454	1.0414	1.0316	1.03264	1.02848	1.02713	1.02648	1.02401
91	1.04311	1.03886	1.03675	1.04004	1.03857	1.03353	1.0275	1.03095	1.02445	1.02658	1.02075	1.02119
92	1.04174	1.03543	1.03423	1.0384	1.03333	1.03129	1.0242	1.02686	1.02481	1.02339	1.01966	1.01883
93	1.03353	1.03108	1.03136	1.03538	1.02929	1.02613	1.01968	1.02343	1.02228	1.01991	1.01622	1.01789
94	1.03152	1.02892	1.02662	1.03009	1.02639	1.02349	1.01747	1.01876	1.01582	1.01742	1.01193	1.01601
95	1.02661	1.0228	1.02421	1.02508	1.02312	1.01824	1.01451	1.01625	1.01358	1.01419	1.01145	1.01224
96	1.01961	1.02157	1.02033	1.01845	1.01743	1.01641	1.00945	1.01205	1.01051	1.00896	1.0074	1.00942
97	1.01808	1.01384	1.0129	1.01675	1.01053	1.01269	1.00491	1.00945	1.01044	1.00821	1.00596	1.00895
98	1.01068	1.00953	1.01051	1.01309	1.00978	1.00699	1.00146	1.00547	1.00631	1.00468	1.00191	1.0064
99	1.00665	1.00231	1.00437	1.00793	1.00422	1.00213	1.00116	1.00127	1.00362	1.00348	1.00172	1.00424
100	1	1	1	1	1	1	1	1	1	1	1	1
101	0.99729	0.99381	0.99584	1.00101	0.99653	0.99386	0.99286	0.99335	0.99673	0.99851	0.99618	0.99882
102	0.99278	0.9902	0.98912	0.99452	0.99201	0.99272	0.98842	0.98822	0.99259	0.9933	0.99103	0.99623
103	0.98613	0.98319	0.98645	0.98972	0.98838	0.98847	0.98478	0.98909	0.9876	0.99109	0.99284	0.99294
104	0.98331	0.98482	0.98214	0.98407	0.98546	0.98727	0.98202	0.98433	0.9878	0.99223	0.98879	0.99247
105	0.97993	0.97782	0.9773	0.98162	0.97777	0.98011	0.97717	0.97972	0.98305	0.98512	0.98664	0.98682
106	0.97583	0.9731	0.97221	0.97734	0.97517	0.97532	0.97441	0.97819	0.98026	0.98089	0.98187	0.98512
107	0.97009	0.97087	0.96881	0.97358	0.97119	0.97139	0.97008	0.9735	0.97927	0.97994	0.97996	0.98187
108	0.96609	0.96196	0.9653	0.96819	0.96871	0.96818	0.96688	0.97077	0.97595	0.97797	0.97829	0.98173
109	0.96174	0.96157	0.96166	0.96651	0.96103	0.96492	0.96245	0.96505	0.97364	0.97211	0.974	0.97928
110	0.95745	0.95892	0.95804	0.96009	0.96195	0.95945	0.95883	0.9625	0.96811	0.97128	0.97328	0.97552
111	0.95418	0.94942	0.9522	0.95639	0.95604	0.95832	0.95692	0.96107	0.96134	0.96585	0.97233	0.97411
112	0.94965	0.94774	0.94798	0.95467	0.95038	0.9523	0.94914	0.95409	0.96234	0.96376	0.9666	0.97199
113	0.94533	0.94141	0.94535	0.94984	0.94662	0.94911	0.94609	0.953	0.95922	0.95978	0.9666	0.96987
114	0.93889	0.93828	0.94163	0.94831	0.94614	0.94156	0.94496	0.94924	0.95493	0.95892	0.96279	0.9661
115	0.93637	0.9327	0.93646	0.94057	0.93978	0.94227	0.93825	0.94591	0.95074	0.95744	0.96088	0.96441
116	0.93173	0.93016	0.93299	0.93635	0.93736	0.9412	0.93791	0.94215	0.94869	0.95202	0.95592	0.96328
117	0.92666	0.92589	0.9284	0.93316	0.93174	0.93302	0.93653	0.93949	0.94854	0.95016	0.95611	0.95895
118	0.92432	0.92018	0.92405	0.92899	0.92889	0.92942	0.92811	0.93553	0.94353	0.94818	0.95137	0.95669
119	0.91882	0.91668	0.92076	0.92565	0.92508	0.9268	0.92661	0.93395	0.94067	0.94355	0.94916	0.95367
120	0.91372	0.91201	0.91617	0.92256	0.91929	0.92253	0.92181	0.92628	0.93622	0.94176	0.94781	0.95174
121	0.90895	0.90942	0.91276	0.91986	0.91691	0.91787	0.91823	0.92508	0.93424	0.94055	0.9437	0.94915
122	0.90734	0.90493	0.9096	0.91404	0.91334	0.91074	0.91555	0.92199	0.92985	0.93554	0.94262	0.94727
123	0.90265	0.8989	0.90596	0.91111	0.90894	0.91116	0.91002	0.92126	0.92547	0.93479	0.94089	0.94407
124	0.89771	0.89831	0.89975	0.90727	0.90616	0.90553	0.91021	0.91761	0.92619	0.93181	0.93678	0.94211
125	0.89382	0.89475	0.89622	0.90328	0.90366	0.90403	0.90575	0.91212	0.92096	0.93013	0.93321	0.93785
126	0.89036	0.89337	0.89224	0.89751	0.89724	0.90079	0.90046	0.91009	0.91798	0.92406	0.93117	0.93597
127	0.88719	0.88692	0.88625	0.89423	0.89325	0.89575	0.89872	0.90365	0.91648	0.92165	0.92591	0.9331
128	0.88199	0.88239	0.88412	0.89111	0.89083	0.89256	0.89221	0.89826	0.91193	0.92101	0.9271	0.93023
129	0.87555	0.87563	0.88028	0.8867	0.88653	0.88662	0.88946	0.89858	0.9079	0.91822	0.9239	0.92938
130	0.87257	0.87581	0.87789	0.88429	0.88272	0.88666	0.885	0.89451	0.90294	0.91458	0.92096	0.92497
131	0.8711	0.86871	0.87106	0.87786	0.87864	0.88268	0.88299	0.89291	0.90133	0.90891	0.92007	0.92368
132	0.8653	0.86583	0.86887	0.87352	0.87681	0.88013	0.88095	0.88711	0.89921	0.90642	0.91651	0.92175
133	0.86066	0.86063	0.86635	0.87119	0.87146	0.87249	0.87718	0.88337	0.89741	0.90329	0.91298	0.91836
134	0.86018	0.85703	0.85958	0.86867	0.86712	0.8722	0.87394	0.87786	0.89213	0.903	0.91112	0.91692
135	0.85377	0.85376	0.85646	0.8646	0.86613	0.87023	0.87024	0.87492	0.89032	0.89945	0.90765	0.91328
136	0.84762	0.85043	0.85495	0.85906	0.86045	0.86444	0.86408	0.87166	0.88653	0.89547	0.90487	0.91191
137	0.84583	0.84804	0.84916	0.85633	0.85724	0.86122	0.86559	0.87045	0.88404	0.89358	0.90207	0.90989
138	0.84416	0.84505	0.84703	0.85134	0.85363	0.85701	0.86098	0.86445	0.88205	0.89109	0.90005	0.90512
139	0.8407	0.83961	0.84069	0.84884	0.84996	0.85488	0.85693	0.86565	0.87823	0.88892	0.898	0.90527
140	0.83467	0.83471	0.83843	0.84273	0.84689	0.85	0.85356	0.85885	0.87673	0.88528	0.89582	0.90119
141	0.83217	0.83144	0.83537	0.8386	0.84118	0.84654	0.85069	0.85589	0.87192	0.88193	0.89323	0.89972
142	0.82799	0.82593	0.83152	0.83808	0.83809	0.84211	0.84601	0.85133	0.86922	0.87843	0.88893	0.8967
143	0.82444	0.82259	0.82865	0.8338	0.83315	0.83825	0.84276	0.85058	0.86455	0.87553	0.88674	0.89466
144	0.81929	0.82048	0.82471	0.82924	0.83023	0.83473	0.83871	0.84689	0.86448	0.87028	0.8843	0.89339
145	0.81538	0.81851	0.82157	0.8267	0.82783	0.83095	0.83624	0.84304	0.86124	0.87057	0.88321	0.88969
146	0.81422	0.81425	0.81693	0.82284	0.82226	0.82963	0.835	0.84059	0.85807	0.86647	0.88053	0.88942
147	0.8087	0.80946	0.81373	0.81908	0.82097	0.82826	0.82848	0.83664	0.85849	0.86849	0.87861	0.88481
148	0.80545	0.80739	0.81019	0.81581	0.81744	0.82068	0.826	0.83435	0.85173	0.86184	0.87538	0.88093
149	0.80207	0.79968	0.8075	0.81302	0.81494	0.81612	0.82173	0.8297	0.85063	0.86083	0.87409	0.87972
150	0.80143	0.79871	0.80173	0.80991	0.81201	0.81354	0.81802	0.82612	0.84557	0.85565	0.87123	0.87693
151	0.79805	0.79551	0.80102	0.80698	0.80838	0.81086	0.81948	0.82423	0.84493	0.85193	0.86784	0.87346
152	0.79096	0.79154	0.79488	0.80206	0.80277	0.80567	0.81292	0.82074	0.83993	0.85037	0.8646	0.87221
153	0.78949	0.78659	0.79221	0.79902	0.80019	0.80443	0.80994	0.81876	0.8373	0.84818	0.8646	0.86874
154	0.78404	0.78684	0.78951	0.79388	0.79607	0.80153	0.80508	0.81556	0.83487	0.84739	0.86126	0.86734
155	0.78149	0.78076	0.7874	0.7896	0.79454	0.79762	0.80223	0.81091	0.83147	0.8434	0.85716	0.86389
156	0.7768	0.77931	0.78294	0.78857	0.78936	0.79396	0.7989	0.80674	0.83078	0.84082	0.85493	0.86309
157	0.77567	0.77407	0.77982	0.78429	0.78841	0.79221	0.79672	0.80556	0.82572	0.83763	0.85353	0.86006
158	0.77141	0.77033	0.77558	0.78116	0.78407	0.78892	0.79356	0.80305	0.8246	0.83498	0.84897	0.85705
159	0.76752	0.76974	0.77239	0.77516	0.77869	0.78652	0.79035	0.79804	0.82179	0.83265	0.84712	0.8549
160	0.76376	0.76693	0.77181	0.77606	0.77741	0.78135	0.78729	0.79909	0.81612	0.82758	0.84513	0.85276
161	0.76111	0.76475	0.76789	0.77401	0.77459	0.77834	0.78497	0.79193	0.81502	0.82753	0.84076	0.84892
162	0.75732	0.75931	0.76263	0.77031	0.7713	0.7781	0.78184	0.78995	0.81187	0.826	0.84055	0.84556
163	0.75327	0.75475	0.76259	0.76587	0.76616	0.77324	0.77779	0.78779	0.80784	0.8191	0.83521	0.84341
164	0.75062	0.7506	0.75531	0.76119	0.76188	0.76816	0.77404	0.78684	0.80675	0.81837	0.83542	0.84153
165	0.74726	0.74817	0.75333	0.75925	0.76184	0.76665	0.77085	0.78153	0.80351	0.81716	0.83244	0.83839
166	0.74552	0.7464	0.74786	0.7569	0.7589	0.76411	0.76651	0.77754	0.8006	0.81583	0.83174	0.83917
167	0.73897	0.73984	0.74635	0.75315	0.75466	0.76092	0.76564	0.77475	0.79839	0.80904	0.82883	0.83464
168	0.73613	0.73619	0.74135	0.75233	0.74946	0.75606	0.76156	0.77252	0.79576	0.80604	0.82409	0.83154
169	0.73476	0.73562	0.74137	0.74725	0.74643	0.75216	0.75919	0.76934	0.79202	0.80279	0.82327	0.82913
170	0.73318	0.73197	0.73898	0.74276	0.74411	0.75006	0.75426	0.76752	0.78907	0.8036	0.81889	0.82627
171	0.7294	0.72719	0.73511	0.74089	0.74219	0.7473	0.75396	0.7615	0.78546	0.79957	0.81718	0.82514
172	0.72409	0.72653	0.73162	0.73802	0.74014	0.74327	0.74924	0.75981	0.7817	0.79645	0.81619	0.82153
173	0.7203	0.72131	0.72658	0.73443	0.73602	0.73998	0.74716	0.75894	0.78087	0.79401	0.81412	0.82081
174	0.71692	0.71766	0.72136	0.73116	0.73402	0.73483	0.74144	0.75527	0.77786	0.79139	0.81062	0.81803
175	0.71553	0.71897	0.71824	0.72853	0.72835	0.73534	0.74097	0.75311	0.77545	0.79013	0.80945	0.81568
176	0.71129	0.71285	0.71805	0.72499	0.72783	0.73003	0.73692	0.74624	0.77507	0.78586	0.80468	0.81309
177	0.70904	0.71158	0.71365	0.71984	0.72442	0.73034	0.73449	0.74644	0.77028	0.78344	0.80344	0.81287
178	0.70533	0.70763	0.7112	0.71934	0.71841	0.7266	0.73136	0.73991	0.76554	0.78109	0.79949	0.80986
179	0.70276	0.70405	0.70652	0.71367	0.71712	0.72137	0.72864	0.73969	0.7627	0.78092	0.79707	0.80824
180	0.69938	0.70203	0.70769	0.71128	0.7123	0.72033	0.725	0.73533	0.76108	0.7736	0.79523	0.80527
181	0.69535	0.69956	0.70342	0.70914	0.71024	0.71724	0.72298	0.73459	0.75829	0.77292	0.79553	0.80154
182	0.69197	0.69736	0.69935	0.70348	0.70832	0.71222	0.72123	0.73337	0.75672	0.76945	0.78979	0.80024
183	0.69195	0.69207	0.69763	0.70165	0.70526	0.71098	0.71801	0.72964	0.75098	0.76775	0.78826	0.79901
184	0.68773	0.6891	0.69414	0.6985	0.70108	0.71057	0.71308	0.72441	0.7505	0.76444	0.78387	0.79793
185	0.68629	0.68502	0.69211	0.69796	0.69937	0.70626	0.71059	0.7239	0.74649	0.76182	0.78287	0.79231
186	0.68116	0.68361	0.68852	0.69315	0.69289	0.70006	0.70793	0.72007	0.74363	0.76136	0.77851	0.7903
187	0.67813	0.67794	0.68582	0.68988	0.69463	0.69856	0.70532	0.71721	0.73992	0.75839	0.77723	0.78895
188	0.67395	0.67533	0.67927	0.68811	0.69063	0.69421	0.7042	0.71498	0.73734	0.75273	0.77441	0.78653
189	0.67295	0.67483	0.67908	0.68381	0.68845	0.6915	0.69872	0.71091	0.73586	0.7519	0.77155	0.78526
190	0.66968	0.67098	0.67516	0.6832	0.68178	0.68867	0.69868	0.70991	0.73479	0.74991	0.77059	0.78197
191	0.66622	0.66676	0.67318	0.67815	0.67901	0.68747	0.69317	0.7034	0.72927	0.74715	0.76794	0.7809
192	0.66413	0.66553	0.67174	0.6751	0.67798	0.68467	0.69306	0.70344	0.72709	0.74279	0.76595	0.77778
193	0.66118	0.66512	0.66741	0.67368	0.67453	0.68015	0.68789	0.70098	0.72724	0.7409	0.76407	0.77415
194	0.65873	0.65777	0.66609	0.67112	0.67332	0.67713	0.68462	0.69571	0.72214	0.73997	0.76155	0.77163
195	0.65629	0.65675	0.66054	0.66908	0.67006	0.67513	0.68253	0.69246	0.71828	0.73692	0.75802	0.77089
196	0.65205	0.65356	0.65898	0.66335	0.66735	0.67391	0.68001	0.69148	0.71677	0.73488	0.75611	0.76554
197	0.64932	0.65217	0.65653	0.66167	0.66334	0.66749	0.67829	0.68735	0.71315	0.7296	0.75434	0.76481
198	0.6465	0.64934	0.65323	0.6589	0.66227	0.66675	0.67471	0.68444	0.71243	0.73001	0.7511	0.76455
199	0.64299	0.64729	0.64697	0.65722	0.65856	0.66415	0.67203	0.6817	0.70848	0.72605	0.7479	0.76127
200	0.64368	0.64117	0.64597	0.65489	0.65396	0.66267	0.67045	0.67952	0.70841	0.72306	0.7466	0.75829
201	0.63781	0.63927	0.64606	0.65177	0.65456	0.65856	0.66562	0.6771	0.70507	0.72086	0.74284	0.75725
202	0.63483	0.63711	0.64309	0.64807	0.64936	0.65819	0.66455	0.6743	0.70281	0.71906	0.74303	0.75282
203	0.63137	0.63341	0.63947	0.6469	0.64476	0.6537	0.6614	0.67085	0.69983	0.7155	0.74036	0.7518
204	0.63065	0.62987	0.63292	0.6427	0.64325	0.64994	0.65808	0.66992	0.69554	0.71276	0.73731	0.75169
205	0.62619	0.62722	0.634	0.63947	0.6404	0.6451	0.65707	0.66847	0.69289	0.71052	0.7364	0.74801
206	0.62415	0.62729	0.63154	0.63888	0.63899	0.64343	0.65583	0.66238	0.69241	0.70949	0.73368	0.74567
207	0.62276	0.62237	0.62771	0.6346	0.6352	0.64061	0.65133	0.66236	0.69227	0.7046	0.73187	0.74493
208	0.62018	0.62389	0.62424	0.63221	0.63266	0.63835	0.64863	0.65814	0.6866	0.7039	0.72688	0.74313
209	0.61729	0.61837	0.62357	0.62963	0.63132	0.63648	0.64481	0.65507	0.68286	0.70158	0.72622	0.73796
210	0.61391	0.61701	0.62006	0.62755	0.62757	0.63593	0.644	0.65256	0.67923	0.69827	0.7251	0.7393
211	0.61246	0.61388	0.61623	0.62312	0.62479	0.63109	0.63977	0.6502	0.67604	0.69537	0.72137	0.73707
212	0.6097	0.61	0.61621	0.62041	0.62356	0.62684	0.63739	0.64891	0.67654	0.69343	0.72064	0.73198
213	0.60505	0.60853	0.61112	0.61722	0.62053	0.62517	0.63907	0.6446	0.67402	0.69119	0.71581	0.7322
214	0.60363	0.60408	0.60787	0.61668	0.61837	0.62231	0.63221	0.64329	0.66973	0.68726	0.71447	0.72957
215	0.60055	0.60247	0.60731	0.61244	0.61454	0.62029	0.62861	0.64217	0.66787	0.68741	0.71078	0.72745
216	0.59744	0.60129	0.60289	0.60948	0.61196	0.61718	0.62886	0.6388	0.665	0.68369	0.71221	0.7242
217	0.59588	0.59662	0.60171	0.6057	0.60976	0.61305	0.62681	0.63553	0.66484	0.68102	0.70706	0.72194
218	0.59279	0.59528	0.59941	0.60438	0.60597	0.61334	0.62239	0.63391	0.66015	0.67785	0.70677	0.7194
219	0.59105	0.59199	0.59585	0.60149	0.60508	0.61007	0.6195	0.62977	0.65755	0.67564	0.70386	0.71681
220	0.58786	0.58943	0.59359	0.60065	0.603	0.60663	0.61714	0.6285	0.65485	0.67586	0.69876	0.71445
221	0.58652	0.58877	0.58945	0.59609	0.59923	0.60346	0.61326	0.62639	0.65423	0.67052	0.69725	0.71202
222	0.58268	0.58614	0.58995	0.59571	0.59645	0.60079	0.61253	0.6237	0.65247	0.66904	0.69593	0.71026
223	0.58222	0.58353	0.58739	0.59284	0.59487	0.59811	0.61062	0.61941	0.64896	0.66517	0.69249	0.70736
224	0.57721	0.58054	0.58448	0.59141	0.59158	0.59481	0.60756	0.61821	0.64679	0.66361	0.69187	0.70519
225	0.57388	0.57734	0.58183	0.58696	0.58993	0.59362	0.60413	0.61605	0.64367	0.66199	0.6896	0.70388
226	0.57238	0.57407	0.57838	0.58575	0.5887	0.59136	0.6013	0.6157	0.64182	0.65913	0.68785	0.69972
227	0.57238	0.5731	0.57696	0.5835	0.58545	0.59077	0.59948	0.61103	0.63841	0.6557	0.68589	0.6968
228	0.56699	0.56931	0.57563	0.57828	0.5814	0.58713	0.5951	0.60698	0.63547	0.6524	0.68319	0.69782
229	0.56546	0.56802	0.57011	0.57643	0.58	0.58442	0.59399	0.60767	0.63273	0.65057	0.67964	0.69462
230	0.56294	0.5674	0.56994	0.57454	0.57807	0.58131	0.593	0.60582	0.63292	0.64949	0.67968	0.69338
231	0.55961	0.56343	0.56847	0.57089	0.57415	0.5805	0.58893	0.60136	0.63013	0.64974	0.67704	0.69115
232	0.55886	0.55942	0.56333	0.57164	0.57286	0.57778	0.58846	0.5992	0.62704	0.64473	0.67481	0.6854
233	0.55532	0.55804	0.56218	0.56787	0.57058	0.5745	0.58509	0.59498	0.6243	0.64438	0.67325	0.68493
234	0.55237	0.55475	0.55971	0.56673	0.56826	0.57245	0.58156	0.5944	0.62167	0.63992	0.66835	0.68457
235	0.54939	0.55175	0.5565	0.56329	0.56548	0.56828	0.57997	0.59188	0.6191	0.63871	0.66746	0.68126
236	0.54743	0.54935	0.55493	0.55935	0.56227	0.56604	0.57845	0.59035	0.61705	0.63546	0.66315	0.67811
237	0.54711	0.54819	0.55045	0.55802	0.56046	0.56702	0.57643	0.58693	0.61541	0.63362	0.66226	0.67713
238	0.54536	0.54526	0.54814	0.55601	0.5588	0.56187	0.57485	0.58415	0.6126	0.63285	0.66072	0.67411
239	0.54037	0.54447	0.54706	0.55502	0.55652	0.55917	0.57136	0.58233	0.61092	0.63285	0.65798	0.67255
240	0.53791	0.54086	0.54513	0.55213	0.55471	0.55765	0.5681	0.57835	0.60816	0.6291	0.65716	0.67106
241	0.53635	0.5403	0.54233	0.5485	0.55045	0.55425	0.56589	0.57935	0.60633	0.62588	0.65547	0.66913
242	0.53359	0.53769	0.54121	0.54768	0.54922	0.55258	0.56582	0.5757	0.60234	0.62384	0.65242	0.66598
243	0.53131	0.53365	0.53981	0.5447	0.54694	0.5515	0.56282	0.57285	0.60285	0.62182	0.64895	0.66431
244	0.52935	0.53406	0.53621	0.54281	0.54464	0.54923	0.56143	0.57165	0.59984	0.61772	0.6479	0.66102
245	0.52868	0.52889	0.53285	0.54029	0.54297	0.54553	0.55759	0.56727	0.59675	0.61653	0.64504	0.66128
246	0.52591	0.52889	0.53274	0.53738	0.54123	0.5453	0.555	0.56663	0.59324	0.61483	0.64588	0.65692
247	0.52262	0.52689	0.53016	0.53469	0.53801	0.54187	0.5535	0.56336	0.59069	0.61198	0.64186	0.65501
248	0.51991	0.52508	0.52626	0.53362	0.53435	0.54073	0.55149	0.56129	0.59004	0.60954	0.64008	0.65254
249	0.51792	0.5229	0.52449	0.5302	0.5326	0.53554	0.54876	0.55951	0.58862	0.60773	0.63578	0.6516
250	0.51591	0.51952	0.52484	0.53022	0.53147	0.53459	0.54593	0.55714	0.58549	0.60587	0.63596	0.64965
251	0.51553	0.51691	0.52148	0.5273	0.52832	0.53434	0.54366	0.55443	0.5824	0.60211	0.63426	0.64697
252	0.51226	0.51639	0.51865	0.52567	0.52608	0.53176	0.54105	0.55342	0.58101	0.60105	0.63093	0.6459
253	0.50687	0.5121	0.51691	0.52191	0.52695	0.52869	0.53811	0.55009	0.57799	0.59796	0.62853	0.64209
254	0.5088	0.50922	0.5126	0.52134	0.52249	0.52558	0.53755	0.54925	0.57692	0.59643	0.62683	0.63908
255	0.50633	0.50734	0.51191	0.51729	0.5192	0.52385	0.53234	0.54644	0.57503	0.59409	0.62379	0.63672
256	0.50515	0.50727	0.51101	0.5175	0.5167	0.51948	0.53166	0.54449	0.57288	0.59363	0.623	0.63718
257	0.50129	0.50262	0.50765	0.51431	0.51428	0.51875	0.53112	0.54288	0.56834	0.59102	0.62004	0.6347
258	0.49987	0.50176	0.50538	0.50917	0.51416	0.51787	0.52907	0.54091	0.56909	0.58666	0.61889	0.63183
259	0.49783	0.49985	0.50439	0.51051	0.5094	0.5156	0.52686	0.53811	0.56528	0.58691	0.61616	0.62906
260	0.49624	0.49997	0.50026	0.50781	0.50928	0.51352	0.52426	0.53704	0.56262	0.58447	0.61269	0.62935
261	0.49337	0.49616	0.49998	0.50726	0.5073	0.51218	0.52053	0.53382	0.56137	0.58308	0.61129	0.62702
262	0.48997	0.49468	0.49653	0.50239	0.50569	0.50874	0.51839	0.53239	0.55892	0.5784	0.61031	0.62637
263	0.48924	0.49132	0.49446	0.50015	0.5023	0.50734	0.51893	0.53028	0.55603	0.5787	0.60878	0.62309
264	0.48653	0.48967	0.49242	0.4988	0.50129	0.50638	0.51567	0.52704	0.55561	0.57461	0.60582	0.62137
265	0.48406	0.48645	0.49214	0.49759	0.49937	0.50248	0.5126	0.52495	0.55165	0.57291	0.60288	0.61789
266	0.48369	0.48397	0.4885	0.49312	0.4979	0.5012	0.50994	0.52341	0.55106	0.57199	0.60067	0.61665
267	0.47985	0.48354	0.48658	0.49161	0.49599	0.49858	0.50825	0.52007	0.54879	0.56987	0.6003	0.61452
268	0.47891	0.47953	0.48617	0.49182	0.49294	0.49835	0.50579	0.51843	0.54807	0.56716	0.59803	0.61337
269	0.47712	0.47758	0.48283	0.48728	0.4902	0.49752	0.50703	0.51723	0.54404	0.56556	0.59666	0.61113
270	0.47465	0.47803	0.48102	0.48739	0.48765	0.49176	0.50172	0.51461	0.54149	0.56363	0.59389	0.6088
271	0.47242	0.47683	0.479	0.48353	0.48648	0.49016	0.49873	0.51267	0.54064	0.56217	0.59017	0.60596
272	0.47175	0.4739	0.47624	0.48288	0.48437	0.49044	0.49719	0.50954	0.53792	0.56093	0.59001	0.6049
273	0.46856	0.46821	0.47404	0.48103	0.48229	0.4865	0.49372	0.50931	0.53544	0.55759	0.58779	0.60292
274	0.46588	0.46871	0.47323	0.47996	0.48057	0.48562	0.49233	0.50607	0.53396	0.55369	0.58588	0.60152
275	0.4644	0.46642	0.47185	0.47643	0.47739	0.48323	0.49173	0.50523	0.5303	0.55321	0.58356	0.59972
276	0.4611	0.46533	0.46539	0.47457	0.47482	0.47981	0.49072	0.50109	0.52832	0.55122	0.58158	0.5968
277	0.45925	0.46188	0.46679	0.47159	0.47349	0.47867	0.48855	0.50105	0.52691	0.5492	0.57826	0.59529
278	0.45756	0.46131	0.46474	0.47146	0.47131	0.47912	0.48669	0.49842	0.52471	0.5477	0.57762	0.59211
279	0.4549	0.45796	0.46312	0.468	0.47095	0.47534	0.48412	0.49586	0.52452	0.54525	0.57659	0.59021
280	0.4523	0.45746	0.46155	0.46537	0.4673	0.47348	0.48244	0.49364	0.52005	0.54276	0.57427	0.5893
281	0.45182	0.45569	0.45856	0.46456	0.4649	0.47066	0.48202	0.49273	0.51838	0.5401	0.57223	0.58663
282	0.45026	0.45367	0.45843	0.46244	0.4644	0.46848	0.47934	0.49095	0.51502	0.53869	0.56986	0.58622
283	0.44796	0.45322	0.4575	0.46009	0.46502	0.46576	0.47689	0.48942	0.51395	0.53668	0.56832	0.58352
284	0.44538	0.4494	0.45315	0.45669	0.45955	0.46564	0.47621	0.48593	0.51208	0.53458	0.56671	0.58079
285	0.44423	0.44773	0.45102	0.45648	0.45695	0.46187	0.47318	0.48584	0.51011	0.53322	0.5659	0.57917
286	0.44165	0.44392	0.44945	0.45476	0.45826	0.45978	0.47145	0.48266	0.5082	0.53124	0.56334	0.5779
287	0.44012	0.44539	0.44936	0.45201	0.45576	0.45781	0.47036	0.48048	0.50662	0.52862	0.55926	0.57544
288	0.43926	0.44371	0.44535	0.45085	0.45338	0.45724	0.46645	0.47946	0.50586	0.52779	0.55881	0.57591
289	0.43588	0.44174	0.44432	0.44873	0.45294	0.45543	0.46607	0.47843	0.50379	0.52623	0.55776	0.57228
290	0.4346	0.43958	0.44264	0.44699	0.45029	0.45191	0.46453	0.47565	0.50096	0.52398	0.55374	0.56984
291	0.43165	0.43688	0.44044	0.44472	0.44771	0.45171	0.46093	0.47252	0.50114	0.51976	0.55277	0.56714
292	0.43173	0.43312	0.439	0.44347	0.44602	0.45041	0.46013	0.47045	0.49938	0.52046	0.55161	0.56733
293	0.42821	0.43285	0.43497	0.44084	0.44327	0.44677	0.45743	0.4683	0.49635	0.518	0.54857	0.56566
294	0.42902	0.43099	0.43424	0.43988	0.44289	0.44451	0.45529	0.46685	0.4934	0.51628	0.54897	0.56237
295	0.42384	0.42872	0.43153	0.43843	0.44027	0.44449	0.45424	0.46541	0.49207	0.51568	0.54628	0.56117
296	0.42236	0.42659	0.43209	0.43616	0.43853	0.44333	0.45081	0.4627	0.49008	0.51258	0.54391	0.5596
297	0.42172	0.42377	0.42801	0.43377	0.43629	0.43977	0.44837	0.45963	0.4893	0.51004	0.54163	0.55733
298	0.42027	0.42432	0.42866	0.43207	0.43488	0.4379	0.44667	0.45911	0.48822	0.50888	0.53973	0.55446
299	0.42027	0.4245	0.42881	0.43125	0.43452	0.43766	0.44641	0.45911	0.48842	0.50871	0.5395	0.55461
300	0.41737	0.41973	0.42468	0.43024	0.43331	0.43648	0.44438	0.45692	0.48532	0.50473	0.53779	0.55282